node 276 276 0
node 744 295 0
node 1212 314 0
node 290 749 0
node 744 730 0
node 1226 711 0
node 248 1221 0
node 787 1202 0
node 1212 1240 0
node 305 1694 0
node 730 1713 0
node 1198 1675 0
node 50 50 0
node 50 149 0
node 50 249 0
node 50 347 0
node 50 447 0
node 50 547 0
node 50 645 0
node 50 744 0
node 50 842 0
node 50 942 0
node 50 1031 0
node 50 1101 0
node 50 1171 0
node 50 1241 0
node 50 1311 0
node 50 1381 0
node 50 1451 0
node 50 1537 0
node 50 1635 0
node 50 1735 0
node 50 1835 0
node 50 1933 0
node 121 1031 0
node 121 1101 0
node 121 1171 0
node 121 1241 0
node 121 1311 0
node 121 1381 0
node 121 1451 0
node 149 50 0
node 149 149 0
node 149 249 0
node 149 347 0
node 149 447 0
node 149 547 0
node 149 645 0
node 149 744 0
node 149 842 0
node 149 942 0
node 149 1537 0
node 149 1635 0
node 149 1735 0
node 149 1835 0
node 149 1933 0
node 191 1031 0
node 191 1101 0
node 191 1171 0
node 191 1241 0
node 191 1311 0
node 191 1381 0
node 191 1451 0
node 249 50 0
node 249 149 0
node 249 249 0
node 249 347 0
node 249 447 0
node 249 547 0
node 249 645 0
node 249 744 0
node 249 842 0
node 249 942 0
node 249 1537 0
node 249 1635 0
node 249 1735 0
node 249 1835 0
node 249 1933 0
node 261 1031 0
node 261 1101 0
node 261 1171 0
node 261 1241 0
node 261 1311 0
node 261 1381 0
node 261 1451 0
node 331 1031 0
node 331 1101 0
node 331 1171 0
node 331 1241 0
node 331 1311 0
node 331 1381 0
node 347 50 0
node 347 149 0
node 347 249 0
node 347 347 0
node 347 447 0
node 347 547 0
node 347 645 0
node 347 744 0
node 347 842 0
node 347 942 0
node 347 1537 0
node 347 1635 0
node 347 1735 0
node 347 1835 0
node 347 1933 0
node 401 1031 0
node 401 1101 0
node 401 1171 0
node 401 1241 0
node 401 1311 0
node 401 1381 0
node 447 50 0
node 447 149 0
node 447 249 0
node 447 347 0
node 447 447 0
node 447 547 0
node 447 645 0
node 447 744 0
node 447 842 0
node 447 942 0
node 447 1437 0
node 447 1537 0
node 447 1635 0
node 447 1735 0
node 447 1835 0
node 447 1933 0
node 471 1031 0
node 471 1101 0
node 471 1171 0
node 471 1241 0
node 471 1311 0
node 471 1381 0
node 547 50 0
node 547 149 0
node 547 249 0
node 547 347 0
node 547 447 0
node 547 547 0
node 547 645 0
node 547 744 0
node 547 842 0
node 547 942 0
node 547 1042 0
node 547 1140 0
node 547 1240 0
node 547 1339 0
node 547 1437 0
node 547 1537 0
node 547 1635 0
node 547 1735 0
node 547 1835 0
node 547 1933 0
node 645 50 0
node 645 149 0
node 645 249 0
node 645 347 0
node 645 447 0
node 645 547 0
node 645 645 0
node 645 744 0
node 645 842 0
node 645 942 0
node 645 1042 0
node 645 1140 0
node 645 1240 0
node 645 1339 0
node 645 1437 0
node 645 1537 0
node 645 1635 0
node 645 1735 0
node 645 1835 0
node 645 1933 0
node 744 50 0
node 744 149 0
node 744 249 0
node 744 347 0
node 744 447 0
node 744 547 0
node 744 645 0
node 744 744 0
node 744 842 0
node 744 942 0
node 744 1042 0
node 744 1140 0
node 744 1240 0
node 744 1339 0
node 744 1437 0
node 744 1537 0
node 744 1635 0
node 744 1735 0
node 744 1835 0
node 744 1933 0
node 842 50 0
node 842 149 0
node 842 249 0
node 842 347 0
node 842 447 0
node 842 547 0
node 842 645 0
node 842 744 0
node 842 842 0
node 842 942 0
node 842 1042 0
node 842 1140 0
node 842 1240 0
node 842 1339 0
node 842 1437 0
node 842 1537 0
node 842 1635 0
node 842 1735 0
node 842 1835 0
node 842 1933 0
node 942 50 0
node 942 149 0
node 942 249 0
node 942 347 0
node 942 447 0
node 942 547 0
node 942 645 0
node 942 744 0
node 942 842 0
node 942 942 0
node 942 1042 0
node 942 1140 0
node 942 1240 0
node 942 1339 0
node 942 1437 0
node 942 1537 0
node 942 1635 0
node 942 1735 0
node 942 1835 0
node 942 1933 0
node 1031 541 0
node 1031 611 0
node 1031 681 0
node 1031 751 0
node 1031 821 0
node 1031 891 0
node 1031 961 0
node 1042 50 0
node 1042 149 0
node 1042 249 0
node 1042 347 0
node 1042 447 0
node 1042 1042 0
node 1042 1140 0
node 1042 1240 0
node 1042 1339 0
node 1042 1437 0
node 1042 1537 0
node 1042 1635 0
node 1042 1735 0
node 1042 1835 0
node 1042 1933 0
node 1101 541 0
node 1101 611 0
node 1101 681 0
node 1101 751 0
node 1101 821 0
node 1101 891 0
node 1101 961 0
node 1140 50 0
node 1140 149 0
node 1140 249 0
node 1140 347 0
node 1140 447 0
node 1140 1042 0
node 1140 1140 0
node 1140 1240 0
node 1140 1339 0
node 1140 1437 0
node 1140 1537 0
node 1140 1635 0
node 1140 1735 0
node 1140 1835 0
node 1140 1933 0
node 1171 541 0
node 1171 611 0
node 1171 681 0
node 1171 751 0
node 1171 821 0
node 1171 891 0
node 1171 961 0
node 1240 50 0
node 1240 149 0
node 1240 249 0
node 1240 347 0
node 1240 447 0
node 1240 1042 0
node 1240 1140 0
node 1240 1240 0
node 1240 1339 0
node 1240 1437 0
node 1240 1537 0
node 1240 1635 0
node 1240 1735 0
node 1240 1835 0
node 1240 1933 0
node 1241 541 0
node 1241 611 0
node 1241 681 0
node 1241 751 0
node 1241 821 0
node 1241 891 0
node 1241 961 0
node 1311 541 0
node 1311 611 0
node 1311 681 0
node 1311 751 0
node 1311 821 0
node 1311 891 0
node 1311 961 0
node 1339 50 0
node 1339 149 0
node 1339 249 0
node 1339 347 0
node 1339 447 0
node 1339 1042 0
node 1339 1140 0
node 1339 1240 0
node 1339 1339 0
node 1339 1437 0
node 1339 1537 0
node 1339 1635 0
node 1339 1735 0
node 1339 1835 0
node 1339 1933 0
node 1381 541 0
node 1381 611 0
node 1381 681 0
node 1381 751 0
node 1381 821 0
node 1381 891 0
node 1381 961 0
node 1437 50 0
node 1437 149 0
node 1437 249 0
node 1437 347 0
node 1437 447 0
node 1437 1042 0
node 1437 1140 0
node 1437 1240 0
node 1437 1339 0
node 1437 1437 0
node 1437 1537 0
node 1437 1635 0
node 1437 1735 0
node 1437 1835 0
node 1437 1933 0
node 1451 541 0
node 1451 611 0
node 1451 681 0
node 1451 751 0
node 1451 821 0
node 1451 891 0
node 1451 961 0
